0.0067403316497802734 0 0
0.03080129623413086 2 38
0.05547904968261719 6 149
0.08111834526062012 11 201
0.10691142082214355 17 242
0.13079476356506348 23 265
0.15504837036132812 31 285
0.1799476146697998 37 287
0.20313286781311035 45 298
0.23158740997314453 53 303
0.25540757179260254 60 306
0.28081560134887695 70 307
0.31136465072631836 77 310
0.33536458015441895 85 315
0.3619701862335205 93 307
0.38518381118774414 100 313
0.4074995517730713 107 314
0.4316697120666504 115 311
0.45696139335632324 123 311
0.4795353412628174 131 315
0.5063643455505371 138 311
0.5290119647979736 147 312
0.5568108558654785 154 315
0.5852811336517334 163 311
0.6087732315063477 172 311
0.6385796070098877 180 315
0.6616382598876953 187 311
0.6902387142181396 197 311
0.7179744243621826 204 314
0.7406487464904785 213 311
0.7715270519256592 221 313
0.7953553199768066 229 313
0.8230705261230469 237 311
0.8463284969329834 244 313
0.8685011863708496 253 315
0.8965346813201904 261 311
0.9188101291656494 267 312
0.9420220851898193 275 315
0.9672002792358398 283 315
0.9896814823150635 289 311
1.0122699737548828 297 315
