0.005597591400146484 0 -2
0.031982421875 -3 -37
0.057390451431274414 -10 -277
0.08463096618652344 -19 -363
0.11121463775634766 -30 -417
0.1358799934387207 -42 -452
0.1624736785888672 -54 -483
0.18714570999145508 -66 -496
0.21255755424499512 -79 -508
0.23646140098571777 -92 -511
0.2624201774597168 -104 -522
0.2862060070037842 -120 -523
0.3164405822753906 -133 -526
0.3410511016845703 -146 -531
0.36709046363830566 -160 -528
0.3920116424560547 -174 -534
0.4214797019958496 -189 -529
0.4455289840698242 -201 -532
0.46814417839050293 -213 -529
0.49267053604125977 -226 -532
0.5150196552276611 -241 -532
0.5438499450683594 -253 -530
0.5667765140533447 -265 -535
0.5973005294799805 -281 -527
0.6212737560272217 -294 -533
0.6446759700775146 -307 -530
0.6691198348999023 -322 -533
0.6950607299804688 -333 -532
0.7178723812103271 -351 -529
0.7495536804199219 -363 -532
0.7733449935913086 -377 -531
0.8015167713165283 -390 -530
0.8244309425354004 -405 -533
0.8542289733886719 -419 -531
0.8771677017211914 -430 -535
0.9032676219940186 -444 -529
0.9267830848693848 -457 -533
0.9530768394470215 -471 -530
0.9754054546356201 -486 -534
1.004258632659912 -498 -529
