0.021461009979248047 0 0
0.050977468490600586 2 55
0.07671809196472168 4 92
0.10047793388366699 8 137
0.12701034545898438 12 156
0.151442289352417 16 174
0.1773533821105957 21 183
0.20700335502624512 26 187
0.23166704177856445 32 192
0.26058030128479004 37 193
0.2866246700286865 42 194
0.3141789436340332 47 195
0.33701562881469727 51 193
0.35992884635925293 56 195
0.38733792304992676 61 198
0.41016125679016113 66 199
0.4343273639678955 72 197
0.46327877044677734 76 195
0.48702192306518555 81 198
0.5163614749908447 86 200
0.5396218299865723 92 197
0.5650858879089355 96 198
0.5882010459899902 101 196
0.6106724739074707 106 196
0.6382155418395996 111 196
0.6610078811645508 116 197
0.6851532459259033 120 195
0.7073493003845215 124 196
0.7305920124053955 130 197
0.7574262619018555 134 199
0.7807102203369141 141 198
0.8121738433837891 145 193
0.8366310596466064 152 197
0.8713676929473877 157 198
0.8953962326049805 161 197
0.9175875186920166 167 196
0.9465198516845703 171 193
0.968996524810791 176 194
0.9950833320617676 181 198
1.0174143314361572 186 199
