0.005747556686401367 0 0
0.030778169631958008 -3 -29
0.05485987663269043 -9 -239
0.08164525032043457 -17 -314
0.10556626319885254 -27 -373
0.13271141052246094 -37 -405
0.15864062309265137 -48 -428
0.18501949310302734 -60 -447
0.20963335037231445 -70 -451
0.23464083671569824 -82 -463
0.2587761878967285 -93 -461
0.2816805839538574 -105 -472
0.309206485748291 -117 -465
0.3367035388946533 -133 -473
0.3681333065032959 -145 -472
0.3908247947692871 -155 -472
0.4135153293609619 -169 -474
0.44182515144348145 -179 -476
0.46462559700012207 -190 -474
0.48896169662475586 -202 -475
0.5119326114654541 -213 -472
0.5346684455871582 -227 -479
0.5650320053100586 -238 -469
0.5892014503479004 -249 -477
0.611835241317749 -261 -473
0.6361627578735352 -272 -481
0.6599390506744385 -283 -472
0.6820662021636963 -298 -478
0.7129390239715576 -311 -475
0.7407503128051758 -323 -479
0.7679047584533691 -335 -471
0.7908082008361816 -345 -477
0.8130965232849121 -358 -474
0.8404245376586914 -369 -478
0.8627614974975586 -380 -474
0.885711669921875 -393 -479
0.9152607917785645 -404 -472
0.9387447834014893 -416 -478
0.9662303924560547 -429 -474
0.9904792308807373 -441 -478
1.0151443481445312 -456 -473
