0.006033658981323242 0 0
0.031945228576660156 -3 -36
0.057602643966674805 -8 -200
0.08380937576293945 -15 -288
0.10780715942382812 -23 -330
0.13375020027160645 -32 -352
0.1576828956604004 -42 -379
0.18344902992248535 -52 -390
0.21013236045837402 -61 -400
0.23508143424987793 -71 -407
0.25951242446899414 -82 -409
0.28533506393432617 -93 -414
0.31006646156311035 -103 -411
0.33536243438720703 -113 -418
0.3600735664367676 -124 -414
0.385617733001709 -133 -416
0.4087386131286621 -146 -417
0.43844127655029297 -156 -417
0.46335792541503906 -167 -419
0.4884486198425293 -177 -415
0.5133888721466064 -188 -418
0.5381145477294922 -199 -416
0.565284252166748 -209 -418
0.591773271560669 -220 -418
0.6155285835266113 -231 -419
0.643604040145874 -242 -418
0.6684446334838867 -253 -417
0.6937541961669922 -263 -422
0.7176532745361328 -274 -415
0.7443485260009766 -283 -419
0.7673611640930176 -295 -415
0.7978956699371338 -307 -420
0.8229553699493408 -317 -415
0.8479001522064209 -329 -421
0.8807954788208008 -341 -414
0.905083179473877 -351 -419
0.9291486740112305 -362 -418
0.9544045925140381 -372 -416
0.9784274101257324 -383 -422
1.0056202411651611 -393 -414
