0.022719383239746094 0 0
0.05538344383239746 -2 -43
0.07905411720275879 -6 -129
0.10423970222473145 -10 -175
0.1289658546447754 -15 -202
0.15585064888000488 -20 -218
0.1788780689239502 -27 -229
0.20815181732177734 -33 -237
0.23142099380493164 -38 -244
0.25626301765441895 -45 -245
0.2866184711456299 -52 -240
0.3105800151824951 -58 -248
0.33361244201660156 -66 -250
0.36746740341186523 -72 -248
0.39175844192504883 -78 -246
0.41587400436401367 -86 -250
0.443742036819458 -92 -250
0.4692370891571045 -98 -246
0.4990851879119873 -105 -248
0.5231099128723145 -112 -252
0.548593282699585 -117 -248
0.572744607925415 -124 -246
0.5994303226470947 -130 -250
0.622546911239624 -135 -250
0.6466817855834961 -141 -250
0.6689877510070801 -149 -248
0.7014968395233154 -155 -250
0.7294270992279053 -162 -251
0.7521178722381592 -168 -247
0.7758011817932129 -174 -246
0.8048179149627686 -181 -251
0.8278450965881348 -188 -250
0.8571960926055908 -194 -245
0.8797199726104736 -200 -248
0.9026401042938232 -207 -251
0.9296891689300537 -212 -249
0.9522442817687988 -219 -246
0.9808683395385742 -225 -249
1.0048565864562988 -231 -253
