0.020583629608154297 1 3
0.04508018493652344 3 41
0.07200098037719727 9 236
0.0969381332397461 17 315
0.12053465843200684 25 371
0.1459810733795166 36 407
0.17003822326660156 47 434
0.1959693431854248 58 448
0.22034144401550293 71 466
0.24854278564453125 82 465
0.2756819725036621 97 480
0.30086755752563477 107 477
0.3243069648742676 121 481
0.35304760932922363 132 484
0.3780703544616699 146 483
0.40424513816833496 159 486
0.4311203956604004 171 487
0.456010103225708 183 487
0.48000669479370117 195 486
0.5036871433258057 206 486
0.528918981552124 218 487
0.5529017448425293 229 486
0.5796523094177246 243 486
0.6035153865814209 256 490
0.6303985118865967 268 489
0.6546750068664551 280 488
0.6805744171142578 295 486
0.7106807231903076 307 490
0.7351553440093994 319 485
0.7593891620635986 331 491
0.7832999229431152 343 487
0.8085768222808838 355 492
0.8323163986206055 367 486
0.8580279350280762 379 492
0.8831915855407715 392 484
0.9100141525268555 405 492
0.9336645603179932 417 482
0.959399938583374 430 491
0.9868874549865723 441 483
1.010413646697998 454 490
