0.005970478057861328 0 0
0.032506465911865234 0 -3
0.05639195442199707 -2 -59
0.0847172737121582 -4 -97
0.10879302024841309 -7 -107
0.13408493995666504 -10 -117
0.157212495803833 -13 -124
0.18220996856689453 -17 -130
0.21219253540039062 -20 -130
0.23758983612060547 -24 -134
0.2621574401855469 -27 -136
0.28716349601745605 -31 -137
0.31708621978759766 -35 -135
0.3477935791015625 -39 -136
0.3734924793243408 -42 -133
0.3988149166107178 -46 -136
0.4258549213409424 -50 -137
0.453643798828125 -53 -136
0.47768378257751465 -56 -137
0.5015630722045898 -60 -136
0.5239028930664062 -63 -135
0.5517566204071045 -66 -133
0.5744905471801758 -70 -136
0.604062557220459 -74 -136
0.627314567565918 -77 -138
0.6517899036407471 -80 -137
0.6835472583770752 -84 -136
0.7064731121063232 -87 -135
0.7290871143341064 -92 -135
0.7634360790252686 -96 -136
0.7938008308410645 -99 -138
0.8201930522918701 -103 -136
0.8440134525299072 -106 -137
0.8664565086364746 -110 -136
0.8956313133239746 -113 -135
0.9187276363372803 -117 -135
0.9479315280914307 -120 -137
0.9719173908233643 -124 -137
0.9977407455444336 -127 -138
1.0211455821990967 -130 -138
