0.01732039451599121 0 0
0.042093753814697266 0 2
0.06946206092834473 1 15
0.09631204605102539 3 51
0.12080121040344238 4 62
0.14623188972473145 6 69
0.17463088035583496 8 74
0.2004411220550537 10 77
0.2265486717224121 12 77
0.25028204917907715 14 79
0.276134729385376 16 80
0.30167555809020996 18 80
0.3283247947692871 20 80
0.3574399948120117 23 81
0.3839125633239746 25 81
0.4092841148376465 27 80
0.4370863437652588 29 81
0.46195554733276367 31 82
0.4876570701599121 33 80
0.5119822025299072 35 80
0.5376555919647217 37 81
0.563279390335083 39 81
0.5898633003234863 41 80
0.6139266490936279 44 81
0.6415305137634277 46 80
0.6664791107177734 48 80
0.6922690868377686 50 80
0.7155916690826416 52 80
0.7445716857910156 54 80
0.770392656326294 56 81
0.7944684028625488 58 81
0.8191084861755371 60 82
0.843914270401001 62 83
0.8686795234680176 64 80
0.8995487689971924 67 82
0.9236049652099609 69 80
0.9488623142242432 71 81
0.9775848388671875 73 81
1.0019068717956543 75 80
