0.00571751594543457 0 0
0.030691862106323242 2 17
0.05669569969177246 5 122
0.08356451988220215 10 182
0.11086249351501465 15 202
0.13925528526306152 21 224
0.16996312141418457 28 237
0.19417929649353027 35 247
0.22058415412902832 41 241
0.24820566177368164 47 250
0.27155160903930664 53 250
0.2944331169128418 60 254
0.32252049446105957 66 251
0.3458428382873535 72 253
0.3739597797393799 79 254
0.39664125442504883 85 254
0.420684814453125 91 255
0.44309258460998535 98 253
0.47243213653564453 105 257
0.4958012104034424 111 253
0.525263786315918 118 252
0.5496435165405273 126 256
0.5819530487060547 133 257
0.6047489643096924 138 254
0.6281821727752686 145 254
0.6562905311584473 151 255
0.6803855895996094 157 255
0.7030529975891113 163 252
0.730294942855835 170 256
0.752490758895874 176 256
0.7760834693908691 183 256
0.8050243854522705 189 256
0.8285236358642578 195 254
0.8556356430053711 202 255
0.8796384334564209 208 253
0.9018199443817139 216 256
0.9359540939331055 223 254
0.9623150825500488 229 255
0.9850976467132568 236 254
1.0119504928588867 242 253
