0.006474494934082031 0 0
0.030530929565429688 -2 -42
0.058341264724731445 -6 -152
0.08513116836547852 -11 -208
0.10994076728820801 -17 -243
0.1336054801940918 -23 -262
0.15804052352905273 -32 -284
0.19465065002441406 -41 -290
0.2301168441772461 -52 -297
0.2622706890106201 -64 -302
0.29941368103027344 -74 -302
0.34113478660583496 -86 -307
0.37366819381713867 -95 -299
0.39964985847473145 -102 -306
0.42358922958374023 -111 -306
0.4505758285522461 -118 -302
0.4748396873474121 -125 -306
0.4983251094818115 -132 -306
0.5210270881652832 -140 -304
0.5440523624420166 -149 -303
0.5750112533569336 -156 -307
0.5979318618774414 -163 -304
0.6245739459991455 -171 -303
0.6469051837921143 -178 -307
0.6748843193054199 -188 -304
0.7046701908111572 -196 -305
0.7400002479553223 -210 -305
0.7768402099609375 -218 -300
0.801110029220581 -226 -306
0.8280026912689209 -233 -299
0.8531365394592285 -241 -303
0.8790125846862793 -249 -307
0.9036431312561035 -257 -303
0.9288837909698486 -264 -299
0.9547243118286133 -272 -306
0.9801220893859863 -280 -307
1.005260944366455 -288 -301
