0.006706714630126953 0 -2
0.03182172775268555 -1 -15
0.056653499603271484 -3 -51
0.08349728584289551 -7 -129
0.11037230491638184 -11 -158
0.13611626625061035 -15 -170
0.16122055053710938 -20 -179
0.18657398223876953 -26 -181
0.21914982795715332 -31 -187
0.24305176734924316 -35 -191
0.26790904998779297 -41 -193
0.29452943801879883 -45 -191
0.32199811935424805 -50 -190
0.34693098068237305 -55 -193
0.36990880966186523 -61 -194
0.3979930877685547 -65 -195
0.4218099117279053 -71 -191
0.4506046772003174 -75 -193
0.4741806983947754 -80 -194
0.4988694190979004 -85 -195
0.5255627632141113 -89 -192
0.5489597320556641 -94 -192
0.5769538879394531 -100 -192
0.6015267372131348 -104 -194
0.6241607666015625 -109 -194
0.648719310760498 -113 -194
0.6728346347808838 -118 -193
0.6969726085662842 -123 -191
0.724480390548706 -130 -195
0.7559258937835693 -134 -195
0.7794473171234131 -139 -192
0.8065481185913086 -144 -191
0.8288943767547607 -148 -192
0.8524689674377441 -153 -193
0.8794496059417725 -158 -195
0.902921199798584 -163 -194
0.9284946918487549 -167 -192
0.9515423774719238 -173 -192
0.9798643589019775 -178 -194
1.0079989433288574 -183 -194
