0.0064013004302978516 0 0
0.03066563606262207 1 2
0.055703163146972656 3 57
0.07939791679382324 5 91
0.10445261001586914 7 102
0.12811803817749023 11 117
0.1527564525604248 13 125
0.1773853302001953 17 129
0.201369047164917 20 131
0.22655844688415527 23 133
0.25035905838012695 27 136
0.2753725051879883 30 137
0.30462217330932617 35 139
0.3345203399658203 38 138
0.35942935943603516 41 137
0.38435912132263184 45 137
0.4079446792602539 48 138
0.43216633796691895 52 138
0.45708441734313965 55 139
0.48415470123291016 59 137
0.5079364776611328 62 138
0.5340030193328857 65 138
0.5576770305633545 69 136
0.5838382244110107 72 137
0.6072838306427002 76 137
0.6314935684204102 79 139
0.6570823192596436 82 139
0.6800673007965088 87 141
0.7112879753112793 91 140
0.7361657619476318 94 135
0.760159969329834 97 137
0.7849407196044922 100 139
0.8090863227844238 104 140
0.8343708515167236 107 140
0.8581752777099609 111 138
0.8827195167541504 114 138
0.9066574573516846 117 137
0.931664228439331 121 136
0.9562118053436279 125 137
0.9844698905944824 128 138
1.009415626525879 131 140
