0.006033182144165039 0 0
0.033446550369262695 3 24
0.05812978744506836 8 202
0.08332490921020508 16 293
0.10837578773498535 24 335
0.13505792617797852 35 373
0.16437935829162598 45 390
0.19074487686157227 55 400
0.2144300937652588 65 412
0.2384202480316162 76 414
0.264359712600708 86 422
0.28863000869750977 97 421
0.3135194778442383 106 423
0.3375108242034912 117 424
0.36344408988952637 129 426
0.3909738063812256 139 427
0.4170229434967041 151 426
0.44174957275390625 162 430
0.4653310775756836 172 427
0.49011921882629395 182 431
0.5148453712463379 193 427
0.5389297008514404 205 430
0.5680639743804932 216 429
0.5937144756317139 227 428
0.6177258491516113 237 430
0.6425423622131348 247 426
0.6674537658691406 259 431
0.6932699680328369 269 426
0.71714186668396 281 431
0.7438621520996094 291 427
0.768784761428833 303 431
0.7936065196990967 313 429
0.8187053203582764 324 430
0.8436281681060791 334 429
0.868919849395752 345 426
0.895559549331665 358 428
0.9234967231750488 368 426
0.9533340930938721 381 429
0.9773013591766357 391 426
1.0020451545715332 402 432
