0.006692647933959961 0 0
0.03185415267944336 0 -2
0.06073188781738281 -1 -13
0.08652877807617188 -3 -52
0.11812496185302734 -5 -62
0.14196133613586426 -6 -71
0.16726899147033691 -8 -73
0.19087553024291992 -10 -77
0.21514058113098145 -12 -77
0.24036264419555664 -14 -79
0.2644002437591553 -16 -77
0.2898883819580078 -18 -79
0.3135712146759033 -20 -78
0.3391382694244385 -22 -79
0.36397385597229004 -24 -79
0.3915698528289795 -26 -78
0.4146590232849121 -29 -79
0.45553135871887207 -31 -77
0.48080968856811523 -33 -78
0.507134199142456 -35 -78
0.5308756828308105 -37 -81
0.5590987205505371 -39 -81
0.5831305980682373 -41 -79
0.6083321571350098 -43 -79
0.644317626953125 -47 -78
0.6812536716461182 -49 -81
0.7074601650238037 -51 -80
0.7312462329864502 -53 -80
0.7578628063201904 -55 -79
0.7833819389343262 -57 -77
0.8083393573760986 -59 -80
0.8308155536651611 -61 -79
0.8602766990661621 -63 -81
0.8828997611999512 -65 -80
0.9116151332855225 -67 -79
0.942868709564209 -70 -79
0.9669327735900879 -71 -79
0.9892110824584961 -74 -80
1.0162131786346436 -75 -80
