0.01672196388244629 0 2
0.04779505729675293 4 90
0.07337737083435059 8 196
0.09722900390625 16 268
0.12367916107177734 23 299
0.14847779273986816 31 321
0.17591142654418945 40 338
0.19910311698913574 48 349
0.22316956520080566 57 354
0.24744725227355957 66 362
0.2720825672149658 74 364
0.29839372634887695 84 365
0.3238184452056885 93 370
0.34633898735046387 102 367
0.3717310428619385 112 369
0.39769792556762695 121 368
0.42232728004455566 134 372
0.4606926441192627 144 373
0.4836921691894531 152 369
0.5060582160949707 162 371
0.534874677658081 171 370
0.5579674243927002 181 371
0.5887176990509033 191 370
0.6125426292419434 200 369
0.6365129947662354 208 370
0.659492015838623 217 371
0.68253493309021 228 368
0.7110462188720703 236 372
0.7337634563446045 246 369
0.7631113529205322 256 370
0.7855873107910156 264 371
0.8110547065734863 274 370
0.8336377143859863 282 373
0.8563740253448486 292 371
0.8838679790496826 300 370
0.9063122272491455 311 374
0.936316967010498 320 369
0.9604051113128662 329 372
0.9847700595855713 340 373
1.013331651687622 349 370
