0.013363361358642578 0 2
0.04876112937927246 4 149
0.07271695137023926 10 287
0.09825921058654785 20 363
0.12420225143432617 32 430
0.15241479873657227 43 464
0.18098020553588867 56 491
0.20466828346252441 70 507
0.23358535766601562 83 520
0.2581355571746826 96 526
0.28185033798217773 109 534
0.30434250831604004 123 540
0.3314857482910156 136 538
0.3542978763580322 150 547
0.3811016082763672 163 539
0.4097557067871094 180 544
0.43789243698120117 193 548
0.461073637008667 205 542
0.4887580871582031 222 547
0.5114738941192627 234 543
0.5352177619934082 250 549
0.5646457672119141 262 544
0.5894489288330078 276 546
0.6120591163635254 290 546
0.6383225917816162 302 546
0.6606836318969727 318 549
0.691737174987793 332 545
0.7149457931518555 348 547
0.7440423965454102 360 546
0.767946720123291 375 546
0.7957348823547363 391 550
0.8284018039703369 408 546
0.8518762588500977 420 546
0.8746564388275146 435 548
0.9021852016448975 447 545
0.9253053665161133 464 549
0.9542899131774902 476 546
0.9801301956176758 490 549
1.0037188529968262 503 544
