0.007035732269287109 0 -3
0.0320584774017334 -2 -77
0.05649280548095703 -6 -172
0.0811164379119873 -12 -236
0.10519027709960938 -19 -280
0.13093137741088867 -27 -302
0.15509986877441406 -35 -322
0.1808924674987793 -45 -341
0.2110440731048584 -53 -343
0.23523902893066406 -62 -352
0.26131319999694824 -71 -355
0.28524303436279297 -79 -354
0.31017112731933594 -89 -361
0.3357536792755127 -97 -358
0.363494873046875 -109 -360
0.3924882411956787 -119 -363
0.4180924892425537 -127 -356
0.44182658195495605 -136 -363
0.4678006172180176 -145 -360
0.4918038845062256 -154 -358
0.5160598754882812 -164 -364
0.5438053607940674 -173 -358
0.5684390068054199 -181 -362
0.5918307304382324 -190 -364
0.6186904907226562 -199 -356
0.6421675682067871 -208 -363
0.6674056053161621 -217 -362
0.6922018527984619 -226 -358
0.7161145210266113 -235 -365
0.7408976554870605 -245 -358
0.771414041519165 -255 -362
0.7953300476074219 -264 -361
0.8219046592712402 -273 -357
0.8458089828491211 -283 -363
0.8732860088348389 -292 -359
0.8987562656402588 -300 -360
0.9232027530670166 -310 -360
0.9478907585144043 -318 -358
0.9739217758178711 -328 -366
1.0024969577789307 -339 -361
